вспышка лазера	1	2	3	4	5	6	7	8	9	10	11	12
Секция 210 	low, mn, m, hn, n	low, mn, m, hn, n	low, mn, m, hn, n	low, mn, m, hn, n	low, mn, m, hn, n	low, mn, m, hn, n	low, mn, m, hn, n	low, mn, m, hn, n	low, mn, m, hn, n	low, mn, m, hn, n	low, mn, m, hn, n	low, mn, m, hn, n	
OM0	596 1185 1022 2097 2095	626 1155 991 2027 2025	488 978 814 2182 2180	465 1010 846 2118 2116	358 913 749 2080 2078	341 910 747 2002 2000	205 840 676 1778 1776	210 801 637 1747 1745	54 2078 1913 656 654	47 2135 1971 647 645	0 874 710 515 513	0 792 628 571 569	
OM1	11 1379 1187 82 73	14 1460 1268 106 97	31 1183 990 99 90	44 1152 959 123 114	494 1076 884 1149 1140	438 1063 871 1105 1096	847 996 804 2491 2482	879 1010 818 2672 2663	239 1670 1477 1282 1273	225 1628 1436 1324 1315	8 964 772 601 592	12 935 743 555 546	
OM2	532 1280 1102 1243 1239	490 1386 1207 1229 1225	820 1109 930 2095 2091	745 1144 965 2063 2059	815 1062 883 2448 2444	757 1028 850 2494 2490	528 1088 909 2248 2244	556 1032 853 2235 2231	112 2076 1896 874 870	143 2118 1939 799 795	4 846 667 624 620	3 887 708 578 574	
OM3	713 1323 1138 2163 2160	750 1344 1158 2197 2194	578 1091 905 2325 2322	588 1060 874 2220 2217	426 1076 890 2015 2012	371 960 775 2044 2041	230 1036 850 1594 1591	225 1018 833 1628 1625	38 1998 1812 605 602	35 1996 1811 621 618	0 930 745 506 503	0 891 705 487 484	
OM4	442 1064 908 1853 1850	415 1055 899 1919 1916	304 882 726 1899 1896	305 860 704 1880 1877	159 941 785 1543 1540	168 893 737 1498 1495	113 1674 1518 928 925	105 1687 1531 973 970	21 1106 949 438 435	15 1161 1005 406 403	0 915 759 382 379	0 872 716 422 419	
OM5	621 1008 839 2204 2199	591 1071 901 2243 2238	411 969 799 1859 1854	327 903 733 1945 1940	169 1563 1393 1265 1260	178 1550 1381 1260 1255	82 2109 1939 724 719	83 2053 1883 798 793	5 1084 913 363 358	10 1091 921 374 369	0 1049 879 195 190	0 1036 866 187 182	
OM6	328 816 627 2113 2107	328 823 633 2150 2144	112 796 606 1534 1528	110 826 636 1525 1519	52 1288 1098 849 843	54 1223 1034 829 823	17 978 788 604 598	14 907 717 661 655	0 1038 847 383 377	1 1018 828 397 391	0 1004 814 61 55	0 986 796 78 72	
OM7	43 1638 1461 525 525	43 1563 1386 543 543	0 1600 1423 355 355	0 1579 1402 350 350	0 1203 1026 266 266	0 1244 1067 234 234	0 1340 1163 58 58	0 1347 1170 52 52	0 1314 1136 27 27	0 1313 1136 30 30	0 646 469 0 0	0 667 490 1 1	
OM8	47 788 616 966 960	49 783 611 979 973	15 881 709 598 592	22 903 731 567 561	5 1048 876 364 358	13 1019 847 369 363	2 1005 833 397 391	2 967 795 409 403	0 1109 936 208 202	0 1106 934 216 210	0 435 263 12 6	0 479 307 9 3	
OM9	24 777 629 709 704	12 825 677 684 679	7 1046 897 320 315	8 1003 854 354 349	1 973 825 347 342	2 949 801 384 379	0 994 846 325 320	0 983 835 323 318	0 877 728 50 45	0 913 765 38 33	0 316 168 8 3	0 297 149 12 7	
OM10	12 1032 875 348 344	9 1052 895 371 367	1 1050 893 320 316	0 1048 891 344 340	0 1073 916 276 272	0 1041 884 280 276	0 1073 916 113 109	0 1123 966 109 105	0 555 397 8 4	0 586 429 7 3	0 307 150 8 4	0 286 129 6 2	
OM11	2 1028 869 337 334	3 1057 897 337 334	0 1078 918 261 258	0 1093 933 264 261	1 1059 899 105 102	0 1062 903 124 121	1 811 651 20 17	0 790 630 43 40	0 357 197 1 -2	0 365 206 4 1	0 241 82 5 2	0 270 110 6 3	
вспышка лазера	1	2	3	4	5	6	7	8	9	10	11	12
Секция 211 	low, mn, m, hn, n	low, mn, m, hn, n	low, mn, m, hn, n	low, mn, m, hn, n	low, mn, m, hn, n	low, mn, m, hn, n	low, mn, m, hn, n	low, mn, m, hn, n	low, mn, m, hn, n	low, mn, m, hn, n	low, mn, m, hn, n	low, mn, m, hn, n	
OM0	0 1144 994 195 192	0 1172 1022 201 198	0 1113 963 53 50	0 1067 917 71 68	0 806 656 5 2	0 774 624 12 9	0 537 387 6 3	0 489 339 8 5	0 264 113 8 5	0 281 131 2 -1	0 243 93 3 0	0 269 119 4 1	
OM1	0 1267 1085 1 1	0 1304 1122 1 1	0 841 658 1 1	0 833 650 1 1	0 555 373 0 0	0 516 334 0 0	0 393 211 1 1	0 414 232 0 0	0 296 113 1 1	0 352 170 0 0	0 273 91 0 0	0 304 122 0 0	
OM2	0 875 709 24 20	0 906 740 25 21	0 516 349 3 -1	0 531 364 8 4	0 366 200 5 1	0 369 203 6 2	0 309 143 7 3	0 298 132 5 1	0 258 91 7 3	0 268 102 5 1	0 248 82 6 2	0 246 80 3 -1	
OM3	0 655 453 16 5	0 704 501 16 5	0 432 229 14 3	0 448 245 16 5	0 369 166 10 -1	0 372 170 10 -1	0 329 126 10 -1	1 299 96 16 5	0 308 104 14 3	0 315 113 13 2	0 320 118 19 8	0 313 110 11 0	
OM4	0 495 268 20 11	0 489 262 16 7	0 391 164 8 -1	0 429 202 18 9	0 357 130 11 2	0 369 142 9 0	0 356 129 15 6	0 329 102 16 7	0 340 112 14 5	0 344 117 16 7	0 334 107 17 8	0 329 102 7 -2	
OM5	0 515 230 26 5	0 564 278 21 -1	0 475 189 30 8	0 490 204 24 2	0 473 187 27 5	0 469 184 21 0	0 507 221 23 1	0 468 182 24 2	0 465 178 21 -1	0 450 165 25 3	0 449 164 15 -7	0 413 127 26 4	
OM6	0 391 183 13 6	0 373 165 8 1	0 350 142 9 2	1 371 163 8 1	0 356 148 9 2	0 309 101 7 0	0 341 133 4 -3	1 308 100 8 1	0 348 139 7 0	0 339 131 9 2	0 319 111 7 0	0 300 92 11 4	
OM7	0 409 183 8 -1	0 418 191 6 -3	0 365 138 6 -3	0 431 204 8 -1	0 377 150 11 2	0 365 139 11 2	0 359 132 9 0	0 359 133 12 3	0 363 135 12 3	0 368 142 6 -3	0 345 119 8 -1	0 346 119 12 3	
OM8	0 427 190 11 4	0 435 198 7 0	0 402 165 8 0	0 403 166 11 3	1 386 149 9 2	0 323 86 8 1	0 379 142 8 1	0 354 117 13 6	0 383 145 14 6	0 376 139 12 5	0 392 155 8 1	0 366 129 10 3	
OM9	0 470 221 18 5	0 461 211 13 0	0 429 179 14 1	0 411 161 11 -2	0 399 149 14 1	0 425 176 7 -6	0 398 148 27 14	0 393 143 13 0	0 373 122 11 -2	0 400 150 9 -4	0 433 183 18 5	0 389 139 10 -3	
OM10	0 440 190 7 -2	0 448 198 15 6	1 468 217 8 -1	0 416 165 9 0	0 425 175 8 -1	0 407 157 10 1	0 380 130 11 2	0 373 123 9 0	0 398 146 7 -2	0 400 150 11 2	0 392 142 7 -2	0 370 120 10 1	
OM11	1 429 177 5 1	0 462 209 11 7	0 463 210 9 5	0 439 186 10 6	1 388 135 3 -1	0 390 138 2 -2	0 414 161 6 2	0 378 125 7 3	0 394 140 5 0	0 380 127 2 -2	0 387 134 4 0	0 371 118 6 2	
вспышка лазера	1	2	3	4	5	6	7	8	9	10	11	12
Секция 192 	low, mn, m, hn, n	low, mn, m, hn, n	low, mn, m, hn, n	low, mn, m, hn, n	low, mn, m, hn, n	low, mn, m, hn, n	low, mn, m, hn, n	low, mn, m, hn, n	low, mn, m, hn, n	low, mn, m, hn, n	low, mn, m, hn, n	low, mn, m, hn, n	
OM0	399 903 729 2112 2109	386 918 743 2088 2085	273 769 594 1966 1963	246 726 551 2021 2018	137 740 565 1582 1579	112 718 544 1635 1632	50 737 562 1056 1053	47 770 596 1084 1081	16 1007 832 425 422	9 1055 881 426 423	0 1020 846 331 328	0 981 806 374 371	
OM1	842 1370 1173 2138 2128	789 1345 1147 2209 2199	610 1166 968 2396 2386	657 1119 921 2446 2436	348 967 769 1964 1954	323 917 720 1974 1964	132 973 775 1368 1358	127 975 777 1291 1281	17 1129 930 462 452	9 1131 933 433 423	0 1112 914 289 279	0 1111 913 288 278	
OM2	381 1224 1056 1879 1877	407 1317 1149 1860 1858	260 1142 973 1752 1750	292 1159 990 1767 1765	117 1320 1152 1144 1142	145 1305 1137 1141 1139	62 1309 1141 689 687	49 1330 1162 698 696	0 1231 1062 235 233	0 1234 1066 222 220	0 1257 1089 69 67	0 1223 1055 70 68	
OM3	528 977 792 2279 2274	570 965 780 2296 2291	355 810 625 2009 2004	344 771 586 2033 2028	170 825 640 1442 1437	138 825 640 1497 1492	62 1399 1214 861 856	53 1382 1197 835 830	8 1093 907 365 360	14 1071 886 364 359	0 1078 893 228 223	0 1072 887 235 230	
OM4	444 825 652 2166 2162	430 803 630 2150 2146	212 760 586 1780 1776	184 684 510 1824 1820	66 833 660 1135 1131	78 938 765 1087 1083	30 1022 849 624 620	30 984 811 666 662	8 992 818 436 432	7 962 789 447 443	0 1036 863 118 114	0 1083 910 111 107	
OM5	175 676 504 1730 1726	214 774 601 1726 1722	78 786 613 1236 1232	82 783 610 1280 1276	42 1113 940 652 648	40 1076 904 695 691	23 936 763 530 526	23 914 741 526 522	1 910 736 469 465	0 932 759 468 464	0 888 715 33 29	0 847 674 39 35	
OM6	398 874 690 1985 1977	382 916 732 1995 1987	182 1405 1220 1128 1120	174 1406 1221 1154 1146	47 1020 836 762 754	47 1036 852 747 739	14 1201 1017 395 387	16 1148 964 381 373	0 1066 881 373 365	0 1027 843 380 372	0 638 454 20 12	0 632 448 15 7	
OM7	45 798 630 967 963	45 819 651 948 944	14 910 741 547 543	11 912 744 580 576	2 1086 918 301 297	1 1090 922 299 295	0 1023 855 310 306	0 1075 907 301 297	0 1105 936 200 196	0 1118 950 179 175	0 450 282 6 2	0 444 276 8 4	
OM8	7 815 648 580 577	6 852 684 588 585	1 1098 930 257 254	1 1141 973 243 240	0 1092 924 263 260	0 1046 879 286 283	0 1078 910 261 258	0 1059 891 256 253	0 974 806 26 23	0 979 812 29 26	0 323 156 3 0	0 311 143 3 0	
OM9	12 1026 827 563 553	14 1075 875 556 546	0 1250 1050 256 246	0 1205 1005 256 246	0 1160 960 293 283	0 1143 944 286 276	0 1236 1036 161 151	0 1266 1067 147 137	0 813 612 19 9	0 798 599 13 3	0 379 180 12 2	0 344 144 4 -6	
OM10	6 1137 974 278 272	2 1142 979 286 280	0 1091 928 302 296	1 1072 909 304 298	0 1095 932 161 155	0 1118 955 143 137	0 937 774 55 49	0 904 741 53 47	0 443 279 10 4	1 428 265 10 4	0 258 95 11 5	0 270 107 4 -2	
OM11	0 1003 849 323 319	0 1107 953 298 294	0 1142 987 108 104	0 1137 982 122 118	0 873 719 40 36	0 865 711 32 28	0 565 411 8 4	0 561 407 14 10	0 296 141 6 2	0 328 174 4 0	0 283 129 8 4	0 229 75 1 -3	
вспышка лазера	1	2	3	4	5	6	7	8	9	10	11	12
Секция 193 	low, mn, m, hn, n	low, mn, m, hn, n	low, mn, m, hn, n	low, mn, m, hn, n	low, mn, m, hn, n	low, mn, m, hn, n	low, mn, m, hn, n	low, mn, m, hn, n	low, mn, m, hn, n	low, mn, m, hn, n	low, mn, m, hn, n	low, mn, m, hn, n	
OM0	1 1134 979 178 177	0 1184 1029 187 186	1 970 814 43 42	0 935 779 51 50	1 615 460 11 10	0 596 441 10 9	1 444 289 7 6	1 421 266 3 2	0 279 123 2 1	0 312 157 1 0	0 259 104 2 1	0 250 95 1 0	
OM1	0 1 -1 0 0	0 0 -2 0 0	0 4 2 0 0	0 3 1 0 0	0 2 0 0 0	0 3 1 0 0	0 2 0 0 0	0 5 3 0 0	0 2 0 0 0	0 6 4 0 0	0 4 2 0 0	0 4 2 0 0	
OM2	0 739 571 5 2	0 784 616 7 4	0 452 284 5 2	0 451 283 6 3	0 354 186 3 0	0 341 173 6 3	0 284 116 6 3	0 307 139 3 0	0 326 157 2 -1	0 296 128 5 2	0 258 90 5 2	0 325 157 4 1	
OM3	0 571 375 9 4	0 575 379 7 2	0 400 203 10 5	0 434 237 6 1	0 366 170 7 2	0 352 156 9 4	1 334 138 8 3	0 300 104 12 7	1 341 144 6 1	0 320 124 8 3	1 297 101 10 5	0 295 99 10 5	
OM4	0 356 181 5 -2	0 375 200 9 2	0 295 120 9 2	0 272 97 9 2	0 293 118 6 -1	0 272 97 9 2	0 271 96 8 1	0 280 105 12 5	0 264 88 9 2	0 255 80 5 -2	0 293 118 6 -1	0 255 80 4 -3	
OM5	1 366 177 6 1	0 358 169 0 -5	0 285 95 6 1	0 307 118 3 -2	0 285 96 0 -5	0 285 96 12 7	0 303 114 6 1	0 331 142 10 5	0 304 114 8 3	0 288 99 3 -2	0 320 131 1 -4	0 314 125 6 1	
OM6	0 369 167 9 4	0 412 209 12 7	0 326 123 9 4	0 314 111 5 0	0 336 133 11 6	0 352 150 9 4	0 304 101 9 4	0 347 144 6 1	0 321 117 10 5	0 320 117 3 -2	0 354 151 7 2	0 331 128 7 2	
OM7	0 393 187 2 -4	0 389 182 8 2	0 327 120 7 1	0 361 154 5 -1	0 320 113 9 3	0 360 154 6 0	0 329 122 8 2	0 351 144 6 0	1 296 88 4 -2	0 345 138 2 -4	1 340 133 4 -2	0 340 133 4 -2	
OM8	0 376 166 6 -1	0 407 197 4 -3	0 357 146 5 -2	0 360 149 12 5	0 373 163 11 4	0 342 132 2 -5	0 334 124 7 0	0 329 119 9 2	0 365 153 5 -2	0 353 143 4 -3	0 358 148 8 1	0 340 130 6 -1	
OM9	0 426 191 5 -2	0 407 171 11 4	0 370 134 7 0	0 382 146 7 0	0 341 105 11 4	0 402 166 12 5	0 386 150 14 7	0 367 131 6 -1	0 387 150 12 5	0 386 150 14 7	0 411 175 8 1	0 377 141 10 3	
OM10	0 409 162 8 1	0 441 193 4 -3	0 412 164 11 4	0 411 163 7 0	0 400 152 7 0	0 375 128 7 0	0 442 194 10 3	0 352 104 10 3	0 401 152 7 0	0 392 144 8 1	0 382 134 9 2	0 420 172 9 2	
OM11	0 432 182 1 -1	0 499 249 3 1	0 436 185 7 5	0 419 169 3 1	0 427 177 5 3	0 347 97 3 1	0 414 164 4 2	0 389 139 6 4	0 383 132 4 2	0 383 133 4 2	0 431 181 1 -1	0 374 124 1 -1	
вспышка лазера	1	2	3	4	5	6	7	8	9	10	11	12
Секция 207 	low, mn, m, hn, n	low, mn, m, hn, n	low, mn, m, hn, n	low, mn, m, hn, n	low, mn, m, hn, n	low, mn, m, hn, n	low, mn, m, hn, n	low, mn, m, hn, n	low, mn, m, hn, n	low, mn, m, hn, n	low, mn, m, hn, n	low, mn, m, hn, n	
OM0	98 581 421 1520 1517	95 580 420 1563 1560	59 1329 1169 978 975	63 1374 1214 991 988	19 906 746 637 634	19 887 727 625 622	18 1023 863 370 367	11 1033 873 359 356	0 879 718 442 439	2 934 774 449 446	0 656 496 25 22	0 706 546 26 23	
OM1	466 847 659 2451 2444	433 843 655 2450 2443	131 910 722 1648 1641	142 890 702 1673 1666	53 1075 887 963 956	70 1165 977 963 956	27 1010 822 589 582	23 1025 837 616 609	1 909 720 502 495	2 923 735 514 507	0 888 700 43 36	0 885 697 32 25	
OM2	105 599 418 1566 1563	100 584 403 1537 1534	44 783 601 943 940	33 766 584 985 982	13 1092 911 545 542	11 1031 850 575 572	8 1035 854 391 388	11 980 799 417 414	0 934 752 449 446	0 908 727 449 446	0 810 629 28 25	1 804 623 31 28	
OM3	93 861 678 1414 1410	94 835 651 1410 1406	32 1061 877 727 723	34 1000 816 750 746	13 992 808 519 515	9 970 787 528 524	1 1153 969 293 289	4 1124 940 289 285	0 980 795 376 372	0 1005 822 371 367	0 672 489 11 7	0 702 518 9 5	
OM4	66 964 802 1164 1161	72 922 759 1161 1158	17 1093 930 582 579	19 1062 899 566 563	0 1123 960 365 362	0 1094 932 366 363	0 1157 994 210 207	0 1122 960 226 223	0 1100 937 235 232	0 1109 947 224 221	0 526 364 2 -1	0 531 368 9 6	
OM5	63 896 722 1100 1096	61 873 699 1116 1112	18 939 765 595 591	15 873 699 596 592	5 1064 890 344 340	11 1083 909 358 354	4 966 792 394 390	3 1026 852 364 360	0 1055 880 294 290	0 1015 841 302 298	0 488 314 4 0	0 464 290 11 7	
OM6	111 1338 1146 1095 1089	121 1299 1106 1114 1108	38 1021 828 643 637	32 1099 906 599 593	10 1166 973 370 364	7 1151 959 348 342	0 1013 820 453 447	0 985 792 454 448	0 1094 900 144 138	0 1118 925 136 130	0 416 223 5 -1	0 418 225 4 -2	
OM7	17 923 758 510 506	15 934 768 561 557	10 1148 982 223 219	5 1116 950 220 216	0 998 832 368 364	1 981 815 382 378	0 1012 846 330 326	0 942 776 368 364	0 835 668 47 43	0 843 677 34 30	0 331 165 3 -1	1 286 120 6 2	
OM8	10 1093 926 365 359	9 1089 921 406 400	1 1042 874 350 344	1 1062 894 381 375	0 1037 869 338 332	0 974 807 355 349	0 1085 917 147 141	0 1078 911 131 125	0 588 420 18 12	0 596 429 15 9	0 296 129 3 -3	0 278 110 2 -4	
OM9	7 1132 956 310 303	4 1171 995 277 270	0 1052 876 374 367	0 1098 922 316 309	0 1127 951 177 170	0 1135 959 162 155	0 947 771 50 43	0 911 735 65 58	0 467 290 12 5	0 482 306 7 0	0 309 133 6 -1	0 298 122 7 0	
OM10	0 1026 861 359 355	0 1073 907 334 330	0 1126 960 205 201	0 1047 881 219 215	0 948 782 73 69	1 948 782 58 54	0 695 529 11 7	0 653 487 13 9	0 363 196 9 5	1 349 183 6 2	0 287 121 3 -1	0 284 118 3 -1	
OM11	0 1102 941 248 245	1 1119 958 255 252	0 951 789 78 75	0 946 784 74 71	0 684 523 13 10	0 631 470 19 16	0 432 271 6 3	0 445 284 8 5	0 307 145 8 5	0 315 154 4 1	0 278 117 5 2	0 225 64 5 2	
вспышка лазера	1	2	3	4	5	6	7	8	9	10	11	12
Секция 208 	low, mn, m, hn, n	low, mn, m, hn, n	low, mn, m, hn, n	low, mn, m, hn, n	low, mn, m, hn, n	low, mn, m, hn, n	low, mn, m, hn, n	low, mn, m, hn, n	low, mn, m, hn, n	low, mn, m, hn, n	low, mn, m, hn, n	low, mn, m, hn, n	
OM0	0 1048 888 78 74	0 1043 883 76 72	0 661 501 18 14	0 691 531 18 14	2 450 290 8 4	0 449 289 6 2	0 327 167 10 6	0 316 156 3 -1	1 249 88 6 2	0 250 90 5 1	0 252 92 3 -1	0 254 94 3 -1	
OM1	0 778 617 18 13	0 851 690 19 14	0 527 365 14 9	0 483 322 5 0	0 392 231 4 -1	0 364 203 7 2	0 343 182 7 2	0 293 132 3 -2	0 250 88 10 5	0 292 131 6 1	0 292 131 4 -1	0 289 128 2 -3	
OM2	0 487 336 5 0	0 477 326 11 6	0 334 183 11 6	0 361 210 7 2	0 334 183 2 -3	0 278 127 5 0	0 280 129 7 2	0 256 105 6 1	0 244 92 6 1	0 240 89 9 4	0 265 114 4 -1	0 221 70 10 5	
OM3	0 428 245 3 -3	0 480 297 4 -2	0 354 171 5 -2	0 332 149 6 -1	0 288 105 5 -1	0 297 114 1 -5	0 283 100 9 3	0 292 109 6 0	0 280 96 6 -1	0 310 127 8 2	0 282 99 4 -2	0 260 77 6 0	
OM4	0 334 164 8 4	0 362 191 7 3	0 328 157 2 -2	0 317 146 6 2	0 285 114 6 2	0 287 117 9 5	0 274 103 3 -1	0 274 103 1 -3	0 254 83 5 1	0 294 124 6 2	0 307 137 8 4	0 254 83 7 3	
OM5	0 351 167 8 3	0 396 211 2 -3	0 351 166 6 1	0 318 133 2 -3	0 361 176 12 7	0 312 128 5 0	0 320 135 4 -1	0 313 129 2 -3	0 269 84 4 -1	0 322 138 7 2	0 303 119 7 2	0 307 122 4 -1	
OM6	0 423 224 8 3	1 361 161 11 6	0 366 166 13 8	0 311 111 6 1	0 368 168 17 12	0 313 114 10 5	0 325 125 8 3	0 335 135 6 1	0 325 124 10 5	0 327 127 7 2	0 336 136 11 6	0 351 151 6 1	
OM7	0 458 241 8 1	0 423 206 13 6	0 377 160 5 -2	0 393 176 11 4	0 366 149 9 2	0 373 156 5 -2	0 354 137 3 -4	0 308 91 3 -4	1 375 157 9 2	0 369 152 11 4	1 365 148 9 2	0 346 129 13 6	
OM8	0 393 177 7 -1	0 414 197 14 6	0 336 119 10 2	0 355 138 5 -3	0 365 148 5 -3	0 363 147 6 -2	0 356 139 8 0	0 355 139 10 2	0 360 142 6 -2	0 347 131 10 2	0 320 104 13 5	0 336 119 6 -2	
OM9	0 498 219 13 1	0 471 192 12 0	0 471 191 14 2	0 480 201 11 -1	0 451 172 12 0	0 436 157 11 -1	0 426 147 12 0	0 443 164 17 5	0 465 184 13 1	0 477 198 17 5	0 450 171 17 5	0 383 104 10 -2	
OM10	2 529 257 23 5	0 506 233 14 -4	0 479 206 16 -2	0 449 176 18 0	0 424 151 19 1	0 483 211 23 5	0 438 165 25 7	1 398 126 16 -2	0 422 148 23 4	0 423 151 23 5	0 419 147 16 -2	0 388 115 20 2	
OM11	0 430 184 6 1	0 435 188 4 -1	0 446 199 6 1	0 421 174 8 3	0 406 159 8 3	0 403 157 5 0	0 395 148 4 -1	0 370 124 3 -2	0 389 141 6 1	0 435 189 5 0	1 366 120 4 -1	0 407 160 6 1	
вспышка лазера	1	2	3	4	5	6	7	8	9	10	11	12
Секция 214 	low, mn, m, hn, n	low, mn, m, hn, n	low, mn, m, hn, n	low, mn, m, hn, n	low, mn, m, hn, n	low, mn, m, hn, n	low, mn, m, hn, n	low, mn, m, hn, n	low, mn, m, hn, n	low, mn, m, hn, n	low, mn, m, hn, n	low, mn, m, hn, n	
OM0	0 819 671 28 24	0 878 730 22 18	0 499 351 7 3	0 498 350 10 6	0 340 192 5 1	0 362 214 7 3	0 330 182 4 0	0 277 129 5 1	0 242 93 3 -1	0 254 106 11 7	0 267 119 6 2	0 235 87 1 -3	
OM1	0 568 406 10 5	0 604 442 15 10	0 364 201 7 2	0 365 203 8 3	0 286 124 7 2	0 290 128 7 2	0 292 130 6 1	0 245 83 5 0	0 292 129 3 -2	0 286 124 8 3	0 306 144 6 1	0 262 100 10 5	
OM2	0 429 264 10 5	0 465 300 11 6	0 324 159 9 4	0 385 220 4 -1	0 271 106 7 2	0 294 129 3 -2	0 280 115 7 2	0 257 92 3 -2	0 293 127 8 3	0 262 97 1 -4	0 272 107 9 4	0 261 96 4 -1	
OM3	0 369 197 10 4	0 437 264 10 4	0 344 171 4 -2	0 308 135 4 -2	0 333 160 5 -1	0 312 140 6 0	0 278 105 6 0	0 271 98 6 0	0 263 89 4 -2	0 278 105 5 -1	0 265 92 5 -1	0 289 116 4 -2	
OM4	0 330 144 9 5	0 399 212 6 2	0 331 144 4 0	0 319 132 4 0	0 291 104 14 10	0 359 173 4 0	0 289 102 4 0	0 302 115 7 3	0 315 127 6 2	0 284 98 5 1	0 262 76 5 1	0 269 82 4 0	
OM5	0 341 163 10 6	0 355 177 8 4	0 309 130 6 2	0 325 146 7 3	0 282 104 6 2	0 271 93 6 2	0 311 133 6 2	0 282 104 8 4	0 299 120 5 1	0 260 82 2 -2	0 295 117 6 2	0 280 102 10 6	
OM6	0 352 162 9 4	0 374 183 3 -2	0 339 148 11 6	0 310 119 8 3	0 315 124 8 3	0 297 107 10 5	0 328 137 5 0	0 290 99 6 1	0 317 125 10 5	0 315 124 4 -1	0 339 148 11 6	0 262 71 8 3	
OM7	0 398 174 7 -2	0 429 204 13 4	0 368 143 17 8	0 377 152 16 7	0 375 150 10 1	0 320 96 7 -2	0 366 141 8 -1	1 358 133 10 1	1 345 119 9 0	0 367 142 21 12	0 339 114 7 -2	0 356 131 7 -2	
OM8	0 420 173 8 2	0 460 213 8 2	0 438 190 5 -2	0 452 204 5 -2	0 409 162 7 1	0 402 155 6 0	0 425 178 4 -2	0 431 184 5 -1	0 388 139 4 -3	0 411 164 3 -3	0 364 117 10 4	0 358 111 8 2	
OM9	0 404 171 7 -3	0 438 205 9 -1	0 390 156 11 1	0 399 165 11 1	0 361 128 9 -1	0 362 129 8 -2	0 396 163 9 -1	0 389 156 11 1	0 356 121 9 -1	0 377 144 9 -1	0 383 150 20 10	0 360 127 6 -4	
OM10	1 529 245 12 0	0 524 239 14 2	0 466 181 18 6	0 423 138 11 -1	0 471 186 16 4	0 452 168 20 8	0 442 157 17 5	0 521 236 14 2	0 486 200 8 -4	1 455 170 9 -3	0 464 179 10 -2	1 447 162 10 -2	
OM11	0 469 214 9 0	0 455 199 13 4	0 430 174 7 -2	0 469 213 5 -4	0 464 208 15 6	0 454 199 8 -1	0 438 182 6 -3	0 423 167 12 3	0 462 205 12 3	0 438 182 13 4	0 419 163 12 3	0 393 137 13 4	вспышка лазера	1	2	3	4	5	6	7	8	9	10	11	12
вспышка лазера	1	2	3	4	5	6	7	8	9	10	11	12
Секция 195 	low, mn, m, hn, n	low, mn, m, hn, n	low, mn, m, hn, n	low, mn, m, hn, n	low, mn, m, hn, n	low, mn, m, hn, n	low, mn, m, hn, n	low, mn, m, hn, n	low, mn, m, hn, n	low, mn, m, hn, n	low, mn, m, hn, n	low, mn, m, hn, n	
OM0	170 1116 882 1418 1406	161 1147 913 1318 1306	43 1305 1070 628 616	45 1279 1044 672 660	3 1330 1096 387 375	5 1276 1042 400 388	0 1247 1013 341 329	0 1272 1038 341 329	1 1188 952 64 52	0 1144 910 68 56	0 506 272 24 12	0 466 232 13 1	
OM1	12 888 707 684 679	20 928 746 684 679	4 1092 910 345 340	4 1075 893 338 333	0 1046 864 343 338	0 1011 830 368 363	0 1079 897 297 292	0 1081 899 299 294	0 932 749 36 31	0 963 782 35 30	0 369 188 6 1	0 325 143 8 3	
OM2	24 877 719 670 666	23 924 765 664 660	10 1146 987 259 255	7 1106 947 281 277	1 1007 848 363 359	1 1056 898 352 348	0 1010 851 370 366	0 1001 842 352 348	0 912 753 54 50	0 926 767 52 48	0 338 179 6 2	0 353 194 7 3	
OM3	21 825 647 659 655	10 883 704 616 612	6 1124 945 298 294	7 1078 899 308 304	1 977 798 381 377	2 1027 848 351 347	0 1028 849 323 319	0 1028 849 315 311	0 915 735 33 29	0 909 730 44 40	0 378 199 4 0	2 310 131 2 -2	
OM4	8 980 823 393 389	6 954 797 419 415	0 1091 933 250 246	1 1052 894 252 248	0 1006 849 327 323	0 971 814 384 380	0 1063 906 252 248	0 1011 854 265 261	0 769 611 21 17	0 822 665 18 14	0 301 144 3 -1	0 311 154 4 0	
OM5	3 1037 864 355 352	2 1033 860 376 373	0 1066 893 308 305	0 1052 879 311 308	0 1044 871 309 306	1 1032 859 301 298	0 1106 933 161 158	0 1069 896 160 157	0 674 500 12 9	0 702 529 17 14	0 325 152 2 -1	0 327 154 6 3	
OM6	4 1206 1029 345 338	2 1224 1046 310 303	0 1044 866 381 374	0 1075 897 392 385	0 1137 959 237 230	0 1158 981 230 223	0 1130 952 92 85	0 1110 932 74 67	0 582 403 10 3	0 631 453 3 -4	0 316 138 8 1	0 307 129 7 0	
OM7	2 1015 856 322 318	1 1052 893 324 320	0 1057 898 300 296	0 1014 855 324 320	0 1001 842 152 148	0 1001 842 124 120	0 783 624 38 34	0 860 701 46 42	0 400 240 4 0	0 422 263 4 0	0 292 133 6 2	0 252 93 6 2	
OM8	0 1019 859 370 365	0 1047 886 385 380	1 1008 847 264 259	1 1070 909 218 213	0 904 743 71 66	0 906 746 58 53	1 708 547 18 13	0 649 489 31 26	0 345 184 7 2	0 343 183 4 -1	1 290 130 5 0	0 269 108 7 2	
OM9	0 1126 965 229 225	0 1131 970 220 216	0 1060 899 56 52	0 1033 872 65 61	0 733 572 18 14	0 744 583 10 6	0 437 276 10 6	0 473 312 13 9	0 283 121 4 0	0 315 154 8 4	0 262 101 7 3	0 253 92 5 1	
OM10	0 1189 1020 96 87	0 1186 1017 91 82	0 870 701 22 13	0 862 693 26 17	0 521 352 15 6	0 583 414 10 1	0 410 241 8 -1	0 377 208 10 1	0 313 143 9 0	0 286 117 4 -5	0 229 60 10 1	0 217 48 9 0	
OM11	0 887 733 37 34	0 966 811 30 27	0 536 381 5 2	0 587 432 6 3	0 376 221 5 2	0 334 180 5 2	0 253 98 4 1	0 302 147 4 1	0 254 98 1 -2	0 235 80 1 -2	0 259 104 1 -2	0 253 98 2 -1	
вспышка лазера	1	2	3	4	5	6	7	8	9	10	11	12
Секция 196 	low, mn, m, hn, n	low, mn, m, hn, n	low, mn, m, hn, n	low, mn, m, hn, n	low, mn, m, hn, n	low, mn, m, hn, n	low, mn, m, hn, n	low, mn, m, hn, n	low, mn, m, hn, n	low, mn, m, hn, n	low, mn, m, hn, n	low, mn, m, hn, n	
OM0	0 675 518 15 12	0 649 492 19 16	0 411 254 4 1	0 443 286 7 4	0 300 143 4 1	0 317 160 4 1	0 294 137 6 3	0 248 91 3 0	0 279 121 2 -1	0 242 85 1 -2	0 248 91 5 2	0 238 81 4 1	
OM1	0 438 281 9 4	1 518 360 3 -2	0 388 230 5 0	0 343 185 13 8	0 283 125 8 3	0 309 151 9 4	0 273 115 3 -2	0 234 76 12 7	0 265 106 7 2	0 278 120 3 -2	0 268 110 9 4	0 262 104 6 1	
OM2	0 377 211 4 -1	0 366 200 9 4	0 318 151 6 1	0 322 155 8 3	0 295 129 6 1	0 271 105 8 3	0 269 103 7 2	0 259 93 5 0	0 274 107 3 -2	0 281 115 4 -1	0 281 115 1 -4	0 276 110 4 -1	
OM3	0 377 193 7 2	0 413 229 8 3	0 321 136 7 2	0 323 139 12 7	0 310 126 5 0	0 304 120 13 8	0 282 98 4 -1	0 269 85 3 -2	0 293 108 3 -2	0 313 129 7 2	0 284 100 3 -2	0 309 125 3 -2	
OM4	0 333 136 1 0	0 358 160 2 1	0 335 137 1 0	0 328 130 0 -1	0 326 128 3 2	0 341 144 4 3	0 336 138 1 0	0 278 80 3 2	0 301 102 2 1	0 314 116 4 3	0 313 115 1 0	0 292 94 2 1	
OM5	0 325 140 2 -4	0 346 160 9 3	0 329 143 9 3	0 324 138 9 3	0 290 104 9 3	0 279 94 10 4	0 284 98 7 1	0 284 99 6 0	0 288 102 4 -2	0 305 120 7 1	0 318 133 5 -1	0 318 132 8 2	
OM6	0 372 177 1 -7	0 333 138 13 5	1 301 105 5 -3	0 315 120 10 2	0 310 115 8 0	0 335 140 9 1	0 280 85 12 4	0 323 128 10 2	0 314 118 8 0	0 293 98 3 -5	0 330 135 11 3	0 300 105 8 0	
OM7	0 362 166 9 2	0 365 168 3 -4	0 338 141 4 -3	0 311 114 5 -2	0 336 139 3 -4	0 288 92 5 -2	0 320 123 4 -3	0 317 120 13 6	0 314 116 7 0	0 336 139 9 2	0 326 129 8 1	0 295 98 7 0	
OM8	0 424 179 19 4	0 467 222 15 0	0 390 145 20 5	0 402 157 20 5	0 379 134 21 6	0 391 146 12 -3	0 354 109 11 -4	0 364 119 11 -4	0 373 127 13 -2	0 399 154 19 4	0 378 133 16 1	0 391 146 11 -4	
OM9	0 401 165 7 -2	0 450 213 10 1	0 397 160 4 -5	0 402 165 8 -1	1 368 131 5 -4	0 353 117 7 -2	0 369 132 3 -6	0 356 119 8 -1	0 381 143 13 4	0 352 115 12 3	0 401 164 7 -2	0 368 131 15 6	
OM10	0 466 196 13 0	0 526 256 12 -1	0 462 192 26 13	0 467 197 14 1	0 452 182 11 -2	0 454 184 12 -1	0 409 139 19 6	0 466 196 16 3	0 434 163 14 1	0 457 187 7 -6	0 433 163 8 -5	0 432 162 11 -2	
OM11	0 594 287 11 -3	1 571 263 14 0	0 514 206 15 1	0 491 183 13 -1	0 509 201 14 0	0 500 193 12 -2	0 519 211 20 6	0 510 203 13 -1	0 495 186 24 10	0 491 184 15 1	0 507 200 13 -1	0 507 199 14 0	
