вспышка лазера	1	2	3	4	5	6	7	8	9	10	11	12
Секция 192 	low, mn, m, hn, n	low, mn, m, hn, n	low, mn, m, hn, n	low, mn, m, hn, n	low, mn, m, hn, n	low, mn, m, hn, n	low, mn, m, hn, n	low, mn, m, hn, n	low, mn, m, hn, n	low, mn, m, hn, n	low, mn, m, hn, n	low, mn, m, hn, n	
OM0	399 903 729 2112 2109	386 918 743 2088 2085	273 769 594 1966 1963	246 726 551 2021 2018	137 740 565 1582 1579	112 718 544 1635 1632	50 737 562 1056 1053	47 770 596 1084 1081	16 1007 832 425 422	9 1055 881 426 423	0 1020 846 331 328	0 981 806 374 371	
OM1	842 1370 1173 2138 2128	789 1345 1147 2209 2199	610 1166 968 2396 2386	657 1119 921 2446 2436	348 967 769 1964 1954	323 917 720 1974 1964	132 973 775 1368 1358	127 975 777 1291 1281	17 1129 930 462 452	9 1131 933 433 423	0 1112 914 289 279	0 1111 913 288 278	
OM2	381 1224 1056 1879 1877	407 1317 1149 1860 1858	260 1142 973 1752 1750	292 1159 990 1767 1765	117 1320 1152 1144 1142	145 1305 1137 1141 1139	62 1309 1141 689 687	49 1330 1162 698 696	0 1231 1062 235 233	0 1234 1066 222 220	0 1257 1089 69 67	0 1223 1055 70 68	
OM3	528 977 792 2279 2274	570 965 780 2296 2291	355 810 625 2009 2004	344 771 586 2033 2028	170 825 640 1442 1437	138 825 640 1497 1492	62 1399 1214 861 856	53 1382 1197 835 830	8 1093 907 365 360	14 1071 886 364 359	0 1078 893 228 223	0 1072 887 235 230	
OM4	444 825 652 2166 2162	430 803 630 2150 2146	212 760 586 1780 1776	184 684 510 1824 1820	66 833 660 1135 1131	78 938 765 1087 1083	30 1022 849 624 620	30 984 811 666 662	8 992 818 436 432	7 962 789 447 443	0 1036 863 118 114	0 1083 910 111 107	
OM5	175 676 504 1730 1726	214 774 601 1726 1722	78 786 613 1236 1232	82 783 610 1280 1276	42 1113 940 652 648	40 1076 904 695 691	23 936 763 530 526	23 914 741 526 522	1 910 736 469 465	0 932 759 468 464	0 888 715 33 29	0 847 674 39 35	
OM6	398 874 690 1985 1977	382 916 732 1995 1987	182 1405 1220 1128 1120	174 1406 1221 1154 1146	47 1020 836 762 754	47 1036 852 747 739	14 1201 1017 395 387	16 1148 964 381 373	0 1066 881 373 365	0 1027 843 380 372	0 638 454 20 12	0 632 448 15 7	
OM7	45 798 630 967 963	45 819 651 948 944	14 910 741 547 543	11 912 744 580 576	2 1086 918 301 297	1 1090 922 299 295	0 1023 855 310 306	0 1075 907 301 297	0 1105 936 200 196	0 1118 950 179 175	0 450 282 6 2	0 444 276 8 4	
OM8	7 815 648 580 577	6 852 684 588 585	1 1098 930 257 254	1 1141 973 243 240	0 1092 924 263 260	0 1046 879 286 283	0 1078 910 261 258	0 1059 891 256 253	0 974 806 26 23	0 979 812 29 26	0 323 156 3 0	0 311 143 3 0	
OM9	12 1026 827 563 553	14 1075 875 556 546	0 1250 1050 256 246	0 1205 1005 256 246	0 1160 960 293 283	0 1143 944 286 276	0 1236 1036 161 151	0 1266 1067 147 137	0 813 612 19 9	0 798 599 13 3	0 379 180 12 2	0 344 144 4 -6	
OM10	6 1137 974 278 272	2 1142 979 286 280	0 1091 928 302 296	1 1072 909 304 298	0 1095 932 161 155	0 1118 955 143 137	0 937 774 55 49	0 904 741 53 47	0 443 279 10 4	1 428 265 10 4	0 258 95 11 5	0 270 107 4 -2	
OM11	0 1003 849 323 319	0 1107 953 298 294	0 1142 987 108 104	0 1137 982 122 118	0 873 719 40 36	0 865 711 32 28	0 565 411 8 4	0 561 407 14 10	0 296 141 6 2	0 328 174 4 0	0 283 129 8 4	0 229 75 1 -3	
вспышка лазера	1	2	3	4	5	6	7	8	9	10	11	12
Секция 193 	low, mn, m, hn, n	low, mn, m, hn, n	low, mn, m, hn, n	low, mn, m, hn, n	low, mn, m, hn, n	low, mn, m, hn, n	low, mn, m, hn, n	low, mn, m, hn, n	low, mn, m, hn, n	low, mn, m, hn, n	low, mn, m, hn, n	low, mn, m, hn, n	
OM0	1 1134 979 178 177	0 1184 1029 187 186	1 970 814 43 42	0 935 779 51 50	1 615 460 11 10	0 596 441 10 9	1 444 289 7 6	1 421 266 3 2	0 279 123 2 1	0 312 157 1 0	0 259 104 2 1	0 250 95 1 0	
OM1	0 1 -1 0 0	0 0 -2 0 0	0 4 2 0 0	0 3 1 0 0	0 2 0 0 0	0 3 1 0 0	0 2 0 0 0	0 5 3 0 0	0 2 0 0 0	0 6 4 0 0	0 4 2 0 0	0 4 2 0 0	
OM2	0 739 571 5 2	0 784 616 7 4	0 452 284 5 2	0 451 283 6 3	0 354 186 3 0	0 341 173 6 3	0 284 116 6 3	0 307 139 3 0	0 326 157 2 -1	0 296 128 5 2	0 258 90 5 2	0 325 157 4 1	
OM3	0 571 375 9 4	0 575 379 7 2	0 400 203 10 5	0 434 237 6 1	0 366 170 7 2	0 352 156 9 4	1 334 138 8 3	0 300 104 12 7	1 341 144 6 1	0 320 124 8 3	1 297 101 10 5	0 295 99 10 5	
OM4	0 356 181 5 -2	0 375 200 9 2	0 295 120 9 2	0 272 97 9 2	0 293 118 6 -1	0 272 97 9 2	0 271 96 8 1	0 280 105 12 5	0 264 88 9 2	0 255 80 5 -2	0 293 118 6 -1	0 255 80 4 -3	
OM5	1 366 177 6 1	0 358 169 0 -5	0 285 95 6 1	0 307 118 3 -2	0 285 96 0 -5	0 285 96 12 7	0 303 114 6 1	0 331 142 10 5	0 304 114 8 3	0 288 99 3 -2	0 320 131 1 -4	0 314 125 6 1	
OM6	0 369 167 9 4	0 412 209 12 7	0 326 123 9 4	0 314 111 5 0	0 336 133 11 6	0 352 150 9 4	0 304 101 9 4	0 347 144 6 1	0 321 117 10 5	0 320 117 3 -2	0 354 151 7 2	0 331 128 7 2	
OM7	0 393 187 2 -4	0 389 182 8 2	0 327 120 7 1	0 361 154 5 -1	0 320 113 9 3	0 360 154 6 0	0 329 122 8 2	0 351 144 6 0	1 296 88 4 -2	0 345 138 2 -4	1 340 133 4 -2	0 340 133 4 -2	
OM8	0 376 166 6 -1	0 407 197 4 -3	0 357 146 5 -2	0 360 149 12 5	0 373 163 11 4	0 342 132 2 -5	0 334 124 7 0	0 329 119 9 2	0 365 153 5 -2	0 353 143 4 -3	0 358 148 8 1	0 340 130 6 -1	
OM9	0 426 191 5 -2	0 407 171 11 4	0 370 134 7 0	0 382 146 7 0	0 341 105 11 4	0 402 166 12 5	0 386 150 14 7	0 367 131 6 -1	0 387 150 12 5	0 386 150 14 7	0 411 175 8 1	0 377 141 10 3	
OM10	0 409 162 8 1	0 441 193 4 -3	0 412 164 11 4	0 411 163 7 0	0 400 152 7 0	0 375 128 7 0	0 442 194 10 3	0 352 104 10 3	0 401 152 7 0	0 392 144 8 1	0 382 134 9 2	0 420 172 9 2	
OM11	0 432 182 1 -1	0 499 249 3 1	0 436 185 7 5	0 419 169 3 1	0 427 177 5 3	0 347 97 3 1	0 414 164 4 2	0 389 139 6 4	0 383 132 4 2	0 383 133 4 2	0 431 181 1 -1	0 374 124 1 -1	
вспышка лазера	1	2	3	4	5	6	7	8	9	10	11	12
Секция 194 	low, mn, m, hn, n	low, mn, m, hn, n	low, mn, m, hn, n	low, mn, m, hn, n	low, mn, m, hn, n	low, mn, m, hn, n	low, mn, m, hn, n	low, mn, m, hn, n	low, mn, m, hn, n	low, mn, m, hn, n	low, mn, m, hn, n	low, mn, m, hn, n	
OM0	0 498 245 7 3	0 494 240 6 2	0 451 197 5 1	0 471 217 4 0	0 414 160 12 8	0 440 187 6 2	0 473 219 5 1	0 435 181 7 3	0 471 216 8 4	0 418 164 9 5	0 437 183 11 7	0 410 156 3 -1	
OM1	0 471 205 6 1	0 520 254 9 4	0 498 231 6 1	0 445 179 3 -2	0 411 145 12 7	0 447 181 6 1	0 416 150 5 0	0 443 177 7 2	0 440 172 3 -2	0 411 145 8 3	0 441 175 9 4	0 436 170 7 2	
OM2	0 488 208 6 0	0 551 271 4 -2	0 464 184 11 5	0 474 194 9 3	0 507 227 8 2	0 451 171 7 1	0 456 176 6 0	0 488 208 8 2	1 454 172 7 1	0 490 210 3 -3	1 487 207 8 2	0 476 196 8 2	
OM3	0 623 297 7 2	0 651 325 6 1	0 578 251 10 4	0 561 234 3 -2	0 590 264 4 -1	0 570 244 4 -1	0 509 183 3 -2	0 510 184 8 3	0 557 229 3 -3	0 562 236 10 5	0 554 228 8 3	0 507 181 7 2	
OM4	0 618 281 9 3	0 691 353 17 11	0 591 252 9 3	0 576 237 8 2	0 546 208 7 1	0 569 231 8 2	0 552 214 9 3	0 558 220 8 2	0 575 235 9 3	0 584 246 9 3	1 578 240 10 4	0 541 203 13 7	
OM5	0 636 304 9 1	0 612 279 16 8	0 598 265 18 10	0 571 238 12 4	0 515 182 7 -1	0 552 220 10 2	0 568 235 11 3	0 519 186 7 -1	0 520 185 5 -3	0 553 220 7 -1	0 586 253 7 -1	0 530 197 12 4	
OM6	0 631 297 7 -1	0 653 318 12 4	0 602 267 13 5	0 550 215 3 -5	0 577 242 12 4	0 578 244 9 1	0 566 231 10 2	0 558 223 4 -4	0 560 223 6 -2	0 588 253 6 -2	0 600 265 14 6	0 559 224 10 2	
OM7	0 720 353 7 -1	0 725 357 16 8	0 650 281 23 15	0 665 297 7 -1	0 691 323 7 -1	0 623 256 14 6	1 664 296 12 4	0 569 201 8 0	0 612 242 10 2	0 624 256 11 3	0 671 303 9 1	0 595 227 12 4	
OM8	0 768 339 8 -1	0 857 428 4 -5	0 736 306 10 1	0 741 311 5 -4	0 754 325 5 -4	0 739 310 8 -1	0 758 329 4 -5	0 729 300 8 -1	1 677 245 5 -4	0 732 303 18 9	0 743 314 5 -4	0 695 266 5 -4	
OM9	0 847 414 7 0	0 863 429 12 5	0 742 308 2 -5	0 743 309 12 5	0 752 318 7 0	0 735 302 8 1	0 715 281 8 1	0 739 305 8 1	0 724 288 7 0	0 729 296 11 4	0 750 317 10 3	0 689 255 9 2	
OM10	0 1044 497 15 5	0 1078 529 20 10	1 996 447 8 -2	0 950 401 15 5	0 929 380 13 3	0 988 440 19 9	0 908 359 13 3	0 883 335 8 -2	0 923 372 9 -1	0 943 395 12 2	1 970 422 18 8	1 946 397 7 -3	
OM11	0 1096 525 16 6	0 1052 480 20 10	0 1036 464 6 -4	0 1027 455 13 3	0 947 375 12 2	0 949 378 13 3	0 949 377 14 4	0 857 286 9 -1	0 912 337 13 3	0 967 396 13 3	0 998 427 16 6	0 913 341 13 3	
